[[-1007, 1431], [-1007, 2356], 3780] [[-657, 2145], [-1272, 2145], 78154]
[[-1007, 1431], [-1007, 2356], 4494] [[-1272, 1749], [-922, 1749], 79165]
[[-1007, 2356], [-541, 2356], 4705] [[-705, 2634], [-705, 2306], 77617]
[[-541, 2356], [-541, 1649], 5171] [[-922, 1701], [24, 1701], 79563]
[[-580, 1650], [106, 1650], 5918] [[-477, 1415], [-477, 2164], 7756]
[[-580, 1650], [106, 1650], 6021] [[24, 1701], [24, 1468], 80509]
[[106, 2596], [-332, 2596], 7550] [[-182, 2181], [-182, 2665], 8817]
[[-332, 3222], [382, 3222], 8614] [[156, 3021], [156, 3371], 10419]
[[-332, 3222], [382, 3222], 9102] [[-83, 3371], [-83, 3163], 11008]
[[-332, 3222], [382, 3222], 9351] [[-35, 2904], [-35, 3790], 14233]
[[382, 3222], [382, 2857], 9328] [[-83, 3163], [583, 3163], 11216]
[[382, 3222], [382, 2857], 9387] [[433, 2904], [-35, 2904], 13765]
[[382, 2857], [46, 2857], 9693] [[368, 2665], [368, 3021], 9851]
[[46, 2857], [46, 2233], 10029] [[-182, 2665], [368, 2665], 9301]
[[719, 2905], [-10, 2905], 11998] [[368, 2665], [368, 3021], 9851]
[[719, 2905], [-10, 2905], 12349] [[433, 3279], [433, 2904], 13390]
[[-10, 2905], [-10, 1940], 12727] [[-182, 2665], [368, 2665], 9301]
[[-10, 2905], [-10, 1940], 12967] [[433, 2904], [-35, 2904], 13765]
[[814, 1407], [1327, 1407], 15049] [[896, 1222], [896, 2085], 90682]
[[1327, 1407], [1327, 493], 15562] [[1049, 873], [1859, 873], 82362]
[[1327, 1407], [1327, 493], 16096] [[924, 575], [1674, 575], 86463]
[[1327, 1407], [1327, 493], 16928] [[1869, 1222], [896, 1222], 89709]
[[1327, 493], [2156, 493], 16476] [[1859, 873], [1859, 49], 83172]
[[1327, 493], [2156, 493], 17008] [[1674, 575], [1674, -252], 87213]
[[1327, 493], [2156, 493], 17355] [[1869, 354], [1869, 1222], 88841]
[[2156, 768], [1732, 768], 17580] [[1859, 873], [1859, 49], 83172]
[[2156, 768], [1732, 768], 17877] [[1869, 354], [1869, 1222], 88841]
[[1488, 778], [1488, 936], 18258] [[1049, 873], [1859, 873], 82362]
[[1488, 936], [2267, 936], 18416] [[1869, 354], [1869, 1222], 88841]
[[-477, 1415], [-477, 2164], 7756] [[-580, 1650], [106, 1650], 6625]
[[-182, 2181], [-182, 2665], 8817] [[106, 2596], [-332, 2596], 7838]
[[-182, 2665], [368, 2665], 9301] [[46, 2857], [46, 2233], 10221]
[[-182, 2665], [368, 2665], 9529] [[-10, 2905], [-10, 1940], 12968]
[[368, 2665], [368, 3021], 9851] [[382, 2857], [46, 2857], 9707]
[[368, 2665], [368, 3021], 10043] [[719, 2905], [-10, 2905], 12635]
[[156, 3021], [156, 3371], 10419] [[-332, 3222], [382, 3222], 9648]
[[-83, 3371], [-83, 3163], 11008] [[-332, 3222], [382, 3222], 9648]
[[-83, 3163], [583, 3163], 11216] [[382, 3222], [382, 2857], 9705]
[[433, 3279], [433, 2904], 13390] [[719, 2905], [-10, 2905], 12635]
[[433, 2904], [-35, 2904], 13765] [[382, 3222], [382, 2857], 9705]
[[433, 2904], [-35, 2904], 13816] [[-10, 2905], [-10, 1940], 12968]
[[-35, 2904], [-35, 3790], 14233] [[-332, 3222], [382, 3222], 9648]
[[-705, 2634], [-705, 2306], 77617] [[-1007, 2356], [-541, 2356], 5007]
[[-657, 2145], [-1272, 2145], 78154] [[-1007, 1431], [-1007, 2356], 4812]
[[-1272, 1749], [-922, 1749], 79165] [[-1007, 1431], [-1007, 2356], 4812]
[[-922, 1701], [24, 1701], 79563] [[-541, 2356], [-541, 1649], 5826]
[[24, 1701], [24, 1468], 80509] [[-580, 1650], [106, 1650], 6625]
[[1049, 873], [1859, 873], 82362] [[1327, 1407], [1327, 493], 17113]
[[1049, 873], [1859, 873], 82640] [[1488, 778], [1488, 936], 18353]
[[1859, 873], [1859, 49], 83172] [[1327, 493], [2156, 493], 17897]
[[1859, 873], [1859, 49], 83552] [[2156, 768], [1732, 768], 18164]
[[924, 575], [1674, 575], 86463] [[1327, 1407], [1327, 493], 17113]
[[1674, 575], [1674, -252], 87213] [[1327, 493], [2156, 493], 17897]
[[1869, 354], [1869, 1222], 88841] [[1327, 493], [2156, 493], 17897]
[[1869, 354], [1869, 1222], 88980] [[2156, 768], [1732, 768], 18164]
[[1869, 354], [1869, 1222], 89394] [[1488, 936], [2267, 936], 18797]
[[1869, 1222], [896, 1222], 89709] [[1327, 1407], [1327, 493], 17113]
[[896, 1222], [896, 2085], 90682] [[814, 1407], [1327, 1407], 15131]
[4494, 4812, 5007, 5826, 6021, 6625, 7838, 9102, 9351, 9648, 9387, 9705, 9707, 10221, 12349, 12635, 12967, 12968, 15131, 16096, 16928, 17113, 17008, 17355, 17897, 17877, 18164, 18353, 18797]
[7991, 9232, 9529, 9701, 10043, 10283, 10620, 11157, 11681, 13764, 13816, 14259, 14551, 77895, 78504, 79430, 79944, 80560, 82640, 83079, 83552, 83657, 86866, 87295, 88980, 89394, 89976, 90251, 90867]
